.Random.seed <-
c(403L, 278L, -1625562934L, 914328610L, 1549135701L, 1602548547L, 
-1661313849L, 1286824576L, 683804699L, 545073341L, -2009056394L, 
1781302475L, -1211597937L, 362794896L, 30077870L, 457679805L, 
672199779L, -397933667L, 843718375L, -996612597L, 565349261L, 
961897643L, -915558099L, -1166379800L, 512469468L, -155142047L, 
1931369640L, -2005598470L, -542060129L, 228687692L, 1300054863L, 
-1074799334L, -1045297645L, -841865789L, 1151158300L, 1602122931L, 
222486347L, 1778746948L, 703856160L, -1069061413L, -1236614270L, 
1405674547L, 790612252L, 500475369L, 2083458312L, 566737736L, 
-1698962526L, 100583424L, 1080067227L, -1805327615L, 1999119066L, 
-10251060L, -378580086L, 1428483431L, 168959911L, 210322L, 1815158283L, 
-1617992380L, -663043565L, 46426883L, -1989319978L, -1768424328L, 
524621320L, 1162581429L, -136639011L, 1726342937L, -426333510L, 
1429624681L, 1690141245L, 1021348120L, 211971607L, 760296945L, 
-926882067L, -396726068L, -1424816313L, -2111739147L, -514202467L, 
-60335930L, 2026854354L, -566306397L, -723568109L, -2062533115L, 
-1641416095L, -740515850L, -290886955L, 1589492004L, 83983929L, 
-845893920L, -191585378L, 1970250743L, -1916238209L, 1661362300L, 
-1539215012L, 1275136034L, 1444875348L, -1054188219L, -1230142709L, 
2123133567L, 195232498L, 1183858583L, -534152012L, 971463566L, 
1976944631L, -808433253L, 192796484L, -849122043L, 973806190L, 
-1509514169L, -1786002923L, -1763932250L, -642965990L, 745115883L, 
-2038893816L, 463651719L, -95496364L, -1481695790L, 642159399L, 
-482869355L, -1366213163L, 1946124747L, -1653857417L, -1580709561L, 
-914246694L, -555286466L, -385596982L, -669793180L, 1971588610L, 
-2068822057L, -912841722L, 1140403746L, -1244923989L, -10022447L, 
1493979491L, 161430746L, -1927713468L, -1927293464L, 1169442566L, 
1758361349L, 1590346098L, 1749106321L, 1904274878L, 1944139732L, 
-626581431L, 1889374383L, -332376604L, 7906194L, 1623057277L, 
-1633038774L, -704174592L, -1430696428L, 629005990L, 1394685262L, 
-29849261L, 423548890L, -179813653L, 862623772L, -2089801819L, 
-683931603L, 479645968L, 142212628L, -1053338226L, -601481076L, 
1964572190L, -1781368035L, 224535888L, 1617159726L, -1996490334L, 
2024262783L, 1519395999L, 1826294502L, -552187594L, -1803435358L, 
16542917L, -2133541983L, -1629712642L, 152749230L, 322845713L, 
-1474263523L, 1219187757L, 2022489833L, -196678618L, -1408218370L, 
1342586086L, -1313487117L, 1018696878L, -1040102679L, -2059704254L, 
-179734107L, 116160449L, -1866820392L, -575330136L, -1533678827L, 
-1772884976L, 1266682811L, 830051559L, -1144067328L, 964069879L, 
-1164269240L, 1760497348L, -1402947212L, 1886047064L, 1209735885L, 
-1498664801L, -819514934L, -1120903004L, -1148010948L, 1936619461L, 
433499466L, 245874929L, -1395533099L, -1707371111L, 1411380820L, 
-859692711L, 1111653923L, 1886537858L, -1738403134L, -664173314L, 
-947256591L, -345268236L, -813368005L, -1756334718L, 1008401033L, 
-2112676287L, 1817820452L, 1479554797L, -43839338L, 576420656L, 
-465752840L, 673959460L, 647076644L, -187649638L, -938833925L, 
-1278742987L, 2127547345L, 814665356L, -1956783953L, -1193212385L, 
-317988726L, -218720847L, 109898047L, 277215672L, -2017758126L, 
699111884L, 1502230549L, -1549249380L, 1766578213L, 1645578699L, 
1366111793L, 1921930296L, -485293468L, -2076778476L, -1336699058L, 
1286836296L, 570324143L, -450636164L, -381568140L, 48510983L, 
-1624318204L, -1189842815L, 954781625L, 1157965284L, -453626792L, 
-242013631L, 353862626L, -115244314L, 1362247710L, -1115081523L, 
-1452493774L, 1799367811L, 1894683635L, -2067036392L, 939140807L, 
-3849368L, 823643992L, -2078707647L, -720993009L, 81267418L, 
928550587L, -791115626L, 80689756L, 58643717L, 1144036988L, 1078507709L, 
1062006429L, 1608797036L, -1017319200L, -698896953L, -1253642605L, 
-168231630L, -1795819392L, -1910373142L, 575029218L, 2125176164L, 
1174723591L, -524577524L, -2087573908L, -2085136571L, 1826127751L, 
-578342346L, -2014825052L, 1341416760L, 1112759407L, -1467705127L, 
225739352L, 1601199873L, 1033734104L, 510445071L, 393605477L, 
-2098993609L, -1139277109L, 1370002604L, -798571451L, -1347830300L, 
1181223460L, 1375973282L, 254286356L, 1168592516L, -252598099L, 
1768499720L, -1588814311L, -474588229L, -2109296948L, 906284234L, 
-849896651L, 1986975829L, 732422650L, -308599434L, 1529496455L, 
-617489234L, 742346125L, 1097537649L, -725168184L, -1533536094L, 
-588847477L, -821557188L, 927895015L, -1185088510L, -1401372435L, 
1836010736L, 29264014L, -2074564962L, 1107095574L, -1337422363L, 
-2003042734L, 1127676051L, -187298373L, 740788881L, -305728525L, 
1893288349L, 1826172409L, 107373934L, 1502982473L, 132107088L, 
1844957781L, -256810814L, -342000506L, -1749616843L, -1774971771L, 
-1902644463L, -1924597704L, 1181711594L, 1905766724L, 1402218529L, 
-880885914L, 1821777727L, -1042392899L, -1861297238L, 873022122L, 
-1025997437L, 1659414245L, -1548962756L, -1766474837L, -389235814L, 
-1443687600L, 1674153296L, -939070114L, -758434322L, 1030023733L, 
-1120828831L, 1779649069L, 888234358L, 1412934513L, 995501644L, 
888383653L, -757381951L, 1309614336L, -26177767L, 1324952420L, 
-2084248L, -1854780518L, -2109771297L, -2053858787L, 1727376449L, 
-453528724L, -1447164238L, -1269699447L, 1100700633L, -425410854L, 
-1645801970L, 966089857L, -505306471L, 703854711L, 1717174576L, 
2059046580L, -1621463259L, 122166712L, 1350501609L, -1807041548L, 
-1605205812L, -998589685L, 1237788654L, -257195073L, 433143473L, 
424028315L, -1638790275L, -1899526460L, -61623391L, -2003598941L, 
-316852864L, -236844041L, -187969621L, -1158351243L, -406363902L, 
-387965106L, -1459179448L, 157693140L, -1849502367L, 1478777218L, 
362552793L, 1191743426L, -956746250L, -1077458237L, 787528411L, 
-2067774339L, 735719530L, 2036209764L, -1407618255L, 1311898508L, 
-712872629L, 1771398243L, 1146645705L, -1561323277L, -1894572810L, 
82747987L, 1293048063L, -1590758270L, 765488312L, -1641500161L, 
1683691537L, 590846024L, -2081275949L, 1249686369L, -771551479L, 
-1556831449L, -523457195L, 370062099L, -849398409L, 1030233606L, 
-1611055571L, -1548106342L, -1189055439L, -254765805L, 763744856L, 
1401211141L, -2141406416L, -2072075855L, 1683175538L, 559389501L, 
-1573891911L, -1844378440L, 1650578824L, -1875426008L, -141862607L, 
1807739646L, 1075592686L, -1129311051L, -1297245590L, 328408594L, 
-1537771720L, 1252112593L, -870645735L, -1368646446L, -1165534509L, 
-84033939L, -1728620807L, -104364957L, 1847358693L, 2052686031L, 
-1451133609L, 555302645L, 225890586L, -1937329603L, 391622355L, 
-287100377L, 1174903145L, 2109463771L, 1707805590L, 2012875358L, 
607774495L, -1134616265L, 1188718L, -712276504L, 246086582L, 
1678093857L, -1716296018L, -291895709L, -2115575798L, 734795925L, 
-2078312687L, -943508153L, -440869582L, 296806949L, 1679219514L, 
-764460347L, -1776039323L, 1019667513L, -1515790347L, -1315738764L, 
-1637730808L, 235171479L, 59943595L, 804333425L, 1480903898L, 
-1214105164L, -752245936L, -1461529199L, 2068429339L, 1473513225L, 
-2096025940L, 1989456837L, -595204187L, -1395941915L, -213000807L, 
-1391632252L, 1206097260L, 1996712249L, 1113617883L, -1013563461L, 
673212525L, 890488674L, 514056792L, -520925066L, 561602873L, 
-605324223L, 495244420L, 1555503867L, 711511033L, 1018236351L, 
1594578560L, -1329037264L, 903989913L, 1062720466L, -1614730071L, 
1156529115L, 1533254518L, -1968400867L, -1086267920L, -507716377L, 
578344544L, 395839315L, 1876007462L, -1344708925L, -1364733586L, 
-1784611178L, 1293669037L, -272178302L, 1511156422L, -131964087L, 
-2031727719L, -746912145L, 1851868586L, -119685822L, 1469141007L, 
-1152830767L, -129659166L, 1210170518L, 246798133L, 1556566354L, 
-557692990L, 1417820773L, -606438411L, 1203751916L, 437405454L, 
1026408656L, 786832739L, -52129949L, 1565850750L, 862733054L, 
-288197472L, -1286727381L, 1320443817L, -1740154097L, 220478595L, 
-842560682L, -1142922732L, -1694403229L, -1610304006L, 1586676650L, 
-1345346897L, 871533278L, -586089481L, 1511077143L, 1696391239L, 
